5.000000000000000000e+09
5.010000000000000000e+09
5.020000000000000000e+09
5.030000000000000000e+09
5.040000000000000000e+09
5.050000000000000000e+09
5.060000000000000000e+09
5.070000000000000000e+09
5.080000000000000000e+09
5.090000000000000000e+09
5.100000000000000000e+09
5.110000000000000000e+09
5.120000000000000000e+09
5.130000000000000000e+09
5.140000000000000000e+09
5.150000000000000000e+09
5.160000000000000000e+09
5.170000000000000000e+09
5.180000000000000000e+09
5.190000000000000000e+09
5.200000000000000000e+09
5.210000000000000000e+09
5.220000000000000000e+09
5.230000000000000000e+09
5.240000000000000000e+09
5.250000000000000000e+09
5.260000000000000000e+09
5.270000000000000000e+09
5.280000000000000000e+09
5.290000000000000000e+09
5.300000000000000000e+09
5.310000000000000000e+09
5.320000000000000000e+09
5.330000000000000000e+09
5.340000000000000000e+09
5.350000000000000000e+09
5.360000000000000000e+09
5.370000000000000000e+09
5.380000000000000000e+09
5.390000000000000000e+09
5.400000000000000000e+09
5.410000000000000000e+09
5.420000000000000000e+09
5.430000000000000000e+09
5.440000000000000000e+09
5.450000000000000000e+09
5.460000000000000000e+09
5.470000000000000000e+09
5.480000000000000000e+09
5.490000000000000000e+09
5.500000000000000000e+09
5.510000000000000000e+09
5.520000000000000000e+09
5.530000000000000000e+09
5.540000000000000000e+09
5.550000000000000000e+09
5.560000000000000000e+09
5.570000000000000000e+09
5.580000000000000000e+09
5.590000000000000000e+09
5.600000000000000000e+09
5.610000000000000000e+09
5.620000000000000000e+09
5.630000000000000000e+09
5.640000000000000000e+09
5.650000000000000000e+09
5.660000000000000000e+09
5.670000000000000000e+09
5.680000000000000000e+09
5.690000000000000000e+09
5.700000000000000000e+09
5.710000000000000000e+09
5.720000000000000000e+09
5.730000000000000000e+09
5.740000000000000000e+09
5.750000000000000000e+09
5.760000000000000000e+09
5.770000000000000000e+09
5.780000000000000000e+09
5.790000000000000000e+09
5.800000000000000000e+09
5.810000000000000000e+09
5.820000000000000000e+09
5.830000000000000000e+09
5.840000000000000000e+09
5.850000000000000000e+09
5.860000000000000000e+09
5.870000000000000000e+09
5.880000000000000000e+09
5.890000000000000000e+09
5.900000000000000000e+09
5.910000000000000000e+09
5.920000000000000000e+09
5.930000000000000000e+09
5.940000000000000000e+09
5.950000000000000000e+09
5.960000000000000000e+09
5.970000000000000000e+09
5.980000000000000000e+09
5.990000000000000000e+09
6.000000000000000000e+09
6.010000000000000000e+09
6.020000000000000000e+09
6.030000000000000000e+09
6.040000000000000000e+09
6.050000000000000000e+09
6.060000000000000000e+09
6.070000000000000000e+09
6.080000000000000000e+09
6.090000000000000000e+09
6.100000000000000000e+09
6.110000000000000000e+09
6.120000000000000000e+09
6.130000000000000000e+09
6.140000000000000000e+09
6.150000000000000000e+09
6.160000000000000000e+09
6.170000000000000000e+09
6.180000000000000000e+09
6.190000000000000000e+09
6.200000000000000000e+09
6.210000000000000000e+09
6.220000000000000000e+09
6.230000000000000000e+09
6.240000000000000000e+09
6.250000000000000000e+09
6.260000000000000000e+09
6.270000000000000000e+09
6.280000000000000000e+09
6.290000000000000000e+09
6.300000000000000000e+09
6.310000000000000000e+09
6.320000000000000000e+09
6.330000000000000000e+09
6.340000000000000000e+09
6.350000000000000000e+09
6.360000000000000000e+09
6.370000000000000000e+09
6.380000000000000000e+09
6.390000000000000000e+09
6.400000000000000000e+09
6.410000000000000000e+09
6.420000000000000000e+09
6.430000000000000000e+09
6.440000000000000000e+09
6.450000000000000000e+09
6.460000000000000000e+09
6.470000000000000000e+09
6.480000000000000000e+09
6.490000000000000000e+09
6.500000000000000000e+09
6.510000000000000000e+09
6.520000000000000000e+09
6.530000000000000000e+09
6.540000000000000000e+09
6.550000000000000000e+09
6.560000000000000000e+09
6.570000000000000000e+09
6.580000000000000000e+09
6.590000000000000000e+09
6.600000000000000000e+09
6.610000000000000000e+09
6.620000000000000000e+09
6.630000000000000000e+09
6.640000000000000000e+09
6.650000000000000000e+09
6.660000000000000000e+09
6.670000000000000000e+09
6.680000000000000000e+09
6.690000000000000000e+09
6.700000000000000000e+09
6.710000000000000000e+09
6.720000000000000000e+09
6.730000000000000000e+09
6.740000000000000000e+09
6.750000000000000000e+09
6.760000000000000000e+09
6.770000000000000000e+09
6.780000000000000000e+09
6.790000000000000000e+09
6.800000000000000000e+09
6.810000000000000000e+09
6.820000000000000000e+09
6.830000000000000000e+09
6.840000000000000000e+09
6.850000000000000000e+09
6.860000000000000000e+09
6.870000000000000000e+09
6.880000000000000000e+09
6.890000000000000000e+09
6.900000000000000000e+09
6.910000000000000000e+09
6.920000000000000000e+09
6.930000000000000000e+09
6.940000000000000000e+09
6.950000000000000000e+09
6.960000000000000000e+09
6.970000000000000000e+09
6.980000000000000000e+09
6.990000000000000000e+09
7.000000000000000000e+09
7.010000000000000000e+09
7.020000000000000000e+09
7.030000000000000000e+09
7.040000000000000000e+09
7.050000000000000000e+09
7.060000000000000000e+09
7.070000000000000000e+09
7.080000000000000000e+09
7.090000000000000000e+09
7.100000000000000000e+09
7.110000000000000000e+09
7.120000000000000000e+09
7.130000000000000000e+09
7.140000000000000000e+09
7.160000000000000000e+09
7.170000000000000000e+09
7.180000000000000000e+09
7.190000000000000000e+09
7.200000000000000000e+09
7.210000000000000000e+09
7.220000000000000000e+09
7.230000000000000000e+09
7.240000000000000000e+09
7.250000000000000000e+09
7.260000000000000000e+09
7.270000000000000000e+09
7.280000000000000000e+09
7.290000000000000000e+09
7.300000000000000000e+09
7.310000000000000000e+09
7.320000000000000000e+09
7.330000000000000000e+09
7.340000000000000000e+09
7.350000000000000000e+09
7.360000000000000000e+09
7.370000000000000000e+09
7.380000000000000000e+09
7.390000000000000000e+09
7.400000000000000000e+09
7.410000000000000000e+09
7.420000000000000000e+09
7.430000000000000000e+09
7.440000000000000000e+09
7.450000000000000000e+09
7.460000000000000000e+09
7.470000000000000000e+09
7.480000000000000000e+09
7.490000000000000000e+09
7.500000000000000000e+09
7.510000000000000000e+09
7.520000000000000000e+09
7.530000000000000000e+09
7.540000000000000000e+09
7.550000000000000000e+09
7.560000000000000000e+09
7.570000000000000000e+09
7.580000000000000000e+09
7.590000000000000000e+09
7.600000000000000000e+09
7.610000000000000000e+09
7.620000000000000000e+09
7.630000000000000000e+09
7.640000000000000000e+09
7.650000000000000000e+09
7.660000000000000000e+09
7.670000000000000000e+09
7.680000000000000000e+09
7.690000000000000000e+09
7.700000000000000000e+09
