1.000000000000000000e+04
1.070000000000000000e+04
1.140000000000000000e+04
1.210000000000000000e+04
1.280000000000000000e+04
1.350000000000000000e+04
1.420000000000000000e+04
1.490000000000000000e+04
1.560000000000000000e+04
1.630000000000000000e+04
1.700000000000000000e+04
1.770000000000000000e+04
1.840000000000000000e+04
1.910000000000000000e+04
1.980000000000000000e+04
2.050000000000000000e+04
2.120000000000000000e+04
2.190000000000000000e+04
2.260000000000000000e+04
2.330000000000000000e+04
2.400000000000000000e+04
2.470000000000000000e+04
2.540000000000000000e+04
2.610000000000000000e+04
2.680000000000000000e+04
2.750000000000000000e+04
2.820000000000000000e+04
2.890000000000000000e+04
2.960000000000000000e+04
3.030000000000000000e+04
3.100000000000000000e+04
3.170000000000000000e+04
3.240000000000000000e+04
3.310000000000000000e+04
3.380000000000000000e+04
3.450000000000000000e+04
3.520000000000000000e+04
3.590000000000000000e+04
3.660000000000000000e+04
3.730000000000000000e+04
3.800000000000000000e+04
3.870000000000000000e+04
3.940000000000000000e+04
4.010000000000000000e+04
4.080000000000000000e+04
4.150000000000000000e+04
4.220000000000000000e+04
4.290000000000000000e+04
4.360000000000000000e+04
4.430000000000000000e+04
4.500000000000000000e+04
