-6.497457690807764884e+05
2.857342212086328655e+05
1.014042816244527323e+01
6.945398003831270373e+00
9.004681433284650538e+00
1.077042257590324237e+00
8.383561912275464323e+00
2.120725406218729070e+00
9.138130955090227658e+00
9.208852723257912487e+00
8.036209999863563880e+00
7.968789675614306844e+00
8.047169857834719053e+00
7.767045280632786763e+00
9.047045706770980189e+00
8.064963077480696185e+00
4.816639749998004483e+00
5.806335794811285922e+00
3.897660041786841223e+00
2.451939070343786220e+00
3.786820375370762104e+00
